1,103
2,-11
3,4
4,-37
5,50
6,148
7,92
8,32
9,238
10,168
11,-118
12,109
13,-8
14,42
15,-5
16,-54
17,-107
18,-223
19,78
20,-151
21,76
22,-17
23,9
24,-34
25,114
26,119
27,77
28,-4
29,85
30,-129
31,132
32,-81
33,62
34,-103
35,-43
36,-48
37,-92
38,53
39,16
40,-5
41,-32
42,-10
43,92
44,-15
45,110
46,52
47,115
48,-169
49,-54
50,134
51,-80
52,62
53,132
54,-142
55,52
56,-111
57,-161
58,52
59,-68
60,-132
61,-66
62,148
63,-94
64,97
65,113
66,-99
67,-66
68,-255
69,-45
70,86
71,21
72,-63
73,-65
74,107
75,-133
76,-40
77,-66
78,-93
79,-93
80,-70
81,-94
82,-1
83,45
84,62
85,-120
86,-35
87,5
88,-109
89,12
90,-86
91,-48
92,-55
93,-67
94,-3
95,0
96,-25
97,-33
98,-157
99,63
100,15
101,31
102,-79
103,-6
104,-78
105,-139
106,70
107,-45
108,-1
109,-39
110,-37
111,-36
112,78
113,-2
114,34
115,40
116,48
117,116
118,-165
119,117
120,-187
121,-88
122,126
123,-67
124,-40
125,-68
126,119
127,-103
128,-176
129,126
130,-132
131,21
132,-42
133,-71
134,-25
135,80
136,116
137,156
138,82
139,96
140,193
141,-76
142,64
143,92
144,-52
145,3
146,-118
147,93
148,-49
149,-251
150,114
151,100
152,-50
153,-34
154,-180
155,126
156,67
157,-31
158,-161
159,-116
160,152
161,-12
162,76
163,87
164,-64
165,-44
166,16
167,58
168,-237
169,-65
170,2
171,-97
172,-13
173,102
174,215
175,44
176,-5
177,104
178,-171
179,23
180,111
181,-22
182,42
183,-109
184,-48
185,51
186,-103
187,-118
188,-82
189,-199
190,2
191,-71
192,11
193,-48
194,134
195,-28
196,-74
197,36
198,-44
199,-37
200,-119
201,7319
202,7460
203,7585
204,7448
205,7460
206,7425
207,7417
208,7395
209,7628
210,7519
211,7433
212,7439
213,7300
214,7627
215,7485
216,7408
217,7727
218,7572
219,7605
220,7461
221,7477
222,7432
223,7490
224,7600
225,7674
226,7564
227,7473
228,7385
229,7491
230,7563
231,7340
232,7327
233,7374
234,7602
235,7403
236,7389
237,7661
238,7484
239,7584
240,7561
241,7576
242,7594
243,7543
244,7430
245,7600
246,7541
247,7464
248,7453
249,7532
250,7432
251,7596
252,7398
253,7506
254,7396
255,7361
256,7458
257,7683
258,7514
259,7560
260,7674
261,7432
262,7397
263,7455
264,7519
265,7481
266,7480
267,7560
268,7707
269,7446
270,7450
271,7579
272,7414
273,7606
274,7568
275,7399
276,7507
277,7439
278,7527
279,7542
280,7365
281,7642
282,7701
283,7322
284,7458
285,7471
286,7595
287,7657
288,7406
289,7575
290,7381
291,7493
292,7542
293,7539
294,7551
295,7499
296,7511
297,7587
298,7571
299,7587
300,7382
301,7338
302,7557
303,7533
304,7508
305,7658
306,7614
307,7365
308,7484
309,7377
310,7419
311,7536
312,7560
313,7525
314,7522
315,7771
316,7472
317,7589
318,7533
319,7698
320,7441
321,7569
322,7299
323,7361
324,7410
325,7467
326,7565
327,7501
328,7633
329,7372
330,7351
331,7504
332,7518
333,7521
334,7526
335,7439
336,7501
337,7391
338,7429
339,7574
340,7464
341,7514
342,7471
343,7382
344,7435
345,7546
346,7495
347,7534
348,7444
349,7579
350,7491
351,7491
352,7455
353,7610
354,7418
355,7664
356,7557
357,7461
358,7475
359,7485
360,7546
361,7577
362,7473
363,7602
364,7703
365,7489
366,7559
367,7440
368,7574
369,7374
370,7385
371,7450
372,7639
373,7503
374,7533
375,7575
376,7518
377,7487
378,7487
379,7449
380,7582
381,7681
382,7427
383,7408
384,7554
385,7317
386,7712
387,7396
388,7416
389,7442
390,7375
391,7509
392,7388
393,7656
394,7473
395,7523
396,7392
397,7462
398,7459
399,7378
400,7487
401,5023
402,4977
403,5046
404,4952
405,5074
406,5132
407,5061
408,5106
409,4973
410,5048
411,4885
412,4931
413,4921
414,4953
415,5061
416,4872
417,5147
418,5088
419,5192
420,5012
421,5045
422,5151
423,5011
424,4978
425,4929
426,4953
427,5078
428,5005
429,5014
430,4862
431,5018
432,5188
433,5075
434,5095
435,4997
436,4828
437,4767
438,5069
439,4902
440,5044
441,5076
442,5060
443,5103
444,5121
445,4971
446,5087
447,5188
448,4702
449,4875
450,5107
451,4957
452,4893
453,5042
454,5019
455,5230
456,4957
457,5051
458,4831
459,4931
460,4895
461,5134
462,5011
463,4951
464,4897
465,5068
466,4822
467,5111
468,5024
469,4994
470,4864
471,4766
472,5027
473,4787
474,4997
475,4994
476,5003
477,5004
478,4934
479,4984
480,4976
481,5078
482,4949
483,4885
484,4872
485,4863
486,5101
487,4930
488,4953
489,4932
490,4950
491,4920
492,5093
493,4957
494,5090
495,4949
496,4973
497,5066
498,5164
499,5098
500,5139
501,4992
502,4931
503,5026
504,4887
505,5097
506,4864
507,5032
508,4982
509,5001
510,5163
511,5065
512,5006
513,5105
514,5027
515,5023
516,5051
517,4955
518,5014
519,4923
520,4802
521,4916
522,4932
523,5090
524,4961
525,5100
526,5080
527,4953
528,4908
529,4960
530,4879
531,5122
532,5049
533,4996
534,5200
535,5024
536,5113
537,4949
538,4957
539,4934
540,4834
541,4945
542,4928
543,4979
544,4956
545,5123
546,4937
547,4931
548,5169
549,4971
550,5013
551,5143
552,4971
553,5154
554,4981
555,5086
556,4856
557,4998
558,5080
559,4931
560,4886
561,5017
562,5014
563,4842
564,4864
565,5110
566,5058
567,5007
568,5048
569,5076
570,5040
571,5118
572,5048
573,4793
574,4961
575,5058
576,4938
577,4891
578,5139
579,5084
580,4949
581,4893
582,5179
583,5066
584,4980
585,4870
586,5092
587,5167
588,4948
589,5024
590,5069
591,4763
592,5048
593,5017
594,4964
595,5193
596,5050
597,5169
598,5181
599,5001
600,4864
601,2606
602,2511
603,2503
604,2703
605,2562
606,2445
607,2703
608,2539
609,2519
610,2456
611,2572
612,2233
613,2481
614,2543
615,2443
616,2351
617,2565
618,2384
619,2465
620,2515
621,2438
622,2593
623,2428
624,2627
625,2444
626,2471
627,2415
628,2427
629,2586
630,2368
631,2671
632,2379
633,2425
634,2586
635,2608
636,2667
637,2541
638,2470
639,2366
640,2506
641,2567
642,2538
643,2690
644,2737
645,2542
646,2617
647,2585
648,2478
649,2275
650,2462
651,2287
652,2446
653,2553
654,2479
655,2636
656,2193
657,2589
658,2353
659,2717
660,2503
661,2501
662,2636
663,2377
664,2349
665,2579
666,2747
667,2594
668,2556
669,2551
670,2470
671,2482
672,2518
673,2739
674,2328
675,2541
676,2532
677,2393
678,2533
679,2521
680,2423
681,2494
682,2372
683,2416
684,2525
685,2554
686,2393
687,2305
688,2438
689,2402
690,2552
691,2577
692,2473
693,2360
694,2471
695,2498
696,2497
697,2479
698,2415
699,2800
700,2510
701,2547
702,2504
703,2637
704,2511
705,2526
706,2660
707,2337
708,2491
709,2430
710,2488
711,2492
712,2464
713,2575
714,2430
715,2406
716,2681
717,2642
718,2616
719,2758
720,2693
721,2451
722,2586
723,2560
724,2499
725,2632
726,2605
727,2611
728,2386
729,2548
730,2370
731,2463
732,2456
733,2509
734,2436
735,2686
736,2385
737,2543
738,2573
739,2451
740,2537
741,2512
742,2333
743,2487
744,2706
745,2399
746,2357
747,2511
748,2447
749,2672
750,2453
751,2343
752,2542
753,2450
754,2296
755,2560
756,2492
757,2500
758,2398
759,2575
760,2492
761,2574
762,2385
763,2700
764,2455
765,2506
766,2422
767,2240
768,2768
769,2507
770,2397
771,2498
772,2460
773,2533
774,2421
775,2435
776,2435
777,2391
778,2405
779,2489
780,2608
781,2319
782,2569
783,2667
784,2439
785,2552
786,2479
787,2238
788,2533
789,2403
790,2429
791,2371
792,2506
793,2560
794,2392
795,2477
796,2448
797,2571
798,2550
799,2472
800,2527
801,4938
802,5037
803,4907
804,5060
805,4961
806,4995
807,5086
808,5003
809,4954
810,5013
811,5026
812,5033
813,4944
814,4907
815,5095
816,4960
817,5025
818,4807
819,5010
820,5148
821,4963
822,4992
823,5083
824,5130
825,5012
826,5125
827,4995
828,4867
829,4969
830,5028
831,5013
832,4999
833,4996
834,5057
835,4988
836,4788
837,4984
838,4944
839,5070
840,4947
841,4821
842,4937
843,5002
844,5171
845,5028
846,5027
847,5065
848,5138
849,5223
850,4962
851,4817
852,4992
853,4979
854,4962
855,4822
856,4851
857,4963
858,4898
859,5151
860,5146
861,5145
862,5081
863,5103
864,5141
865,4830
866,5219
867,4975
868,4924
869,4998
870,5011
871,4959
872,5031
873,4842
874,4976
875,5112
876,4964
877,5027
878,4939
879,4931
880,4973
881,5158
882,4992
883,5080
884,4949
885,4993
886,4864
887,5030
888,5135
889,4938
890,5113
891,4985
892,5124
893,4959
894,5092
895,4903
896,4926
897,4980
898,5090
899,5007
900,4955
901,5014
902,4842
903,4990
904,5049
905,5163
906,4997
907,4973
908,5061
909,5042
910,5176
911,4954
912,5193
913,5008
914,5086
915,4993
916,4971
917,4908
918,4819
919,5035
920,5018
921,5164
922,5032
923,4928
924,5037
925,5166
926,4961
927,4882
928,5012
929,4872
930,5039
931,4900
932,4877
933,4964
934,5030
935,5033
936,4951
937,4810
938,5047
939,5068
940,5096
941,5168
942,5101
943,5172
944,4789
945,4800
946,4859
947,4854
948,5073
949,5157
950,4935
951,5009
952,5082
953,4979
954,4961
955,4880
956,5043
957,5047
958,4832
959,4926
960,5036
961,4988
962,4984
963,5040
964,4954
965,5022
966,4963
967,5032
968,5062
969,5014
970,5090
971,4767
972,5088
973,5058
974,5019
975,4961
976,5104
977,5285
978,5037
979,5114
980,4956
981,4814
982,5035
983,4959
984,5026
985,4994
986,4867
987,5016
988,5035
989,4956
990,5052
991,5058
992,4796
993,4964
994,4838
995,5061
996,5049
997,4948
998,4892
999,5139
1000,4884
1001,4962
1002,5116
1003,4982
1004,5225
1005,5003
1006,5073
1007,4971
1008,5182
1009,5067
1010,5040
1011,5040
1012,5138
1013,5187
1014,5296
1015,5139
1016,5122
1017,5290
1018,5218
1019,5382
1020,5292
1021,5418
1022,5384
1023,5290
1024,5545
1025,5367
1026,5364
1027,5390
1028,5572
1029,5432
1030,5557
1031,5484
1032,5655
1033,5382
1034,5546
1035,5673
1036,5599
1037,5580
1038,5610
1039,5756
1040,5448
1041,5639
1042,5696
1043,5731
1044,5792
1045,5368
1046,5803
1047,5727
1048,5630
1049,5936
1050,5792
1051,5841
1052,5873
1053,5650
1054,5667
1055,5919
1056,5925
1057,5922
1058,5846
1059,5949
1060,5918
1061,5995
1062,5929
1063,6066
1064,5911
1065,5855
1066,6021
1067,5879
1068,5973
1069,6092
1070,5965
1071,6161
1072,6017
1073,6057
1074,6041
1075,6000
1076,6052
1077,6114
1078,6033
1079,6399
1080,6434
1081,6123
1082,6219
1083,6171
1084,6136
1085,6071
1086,6391
1087,6317
1088,6287
1089,6334
1090,6183
1091,6206
1092,6319
1093,6453
1094,6291
1095,6371
1096,6368
1097,6262
1098,6459
1099,6533
1100,6486
1101,6411
1102,6458
1103,6601
1104,6445
1105,6493
1106,6475
1107,6284
1108,6520
1109,6611
1110,6515
1111,6609
1112,6671
1113,6665
1114,6508
1115,6512
1116,6808
1117,6509
1118,6715
1119,6634
1120,6522
1121,6814
1122,6614
1123,6811
1124,6898
1125,6705
1126,6818
1127,6831
1128,6638
1129,6658
1130,6817
1131,7036
1132,6765
1133,6792
1134,6759
1135,6939
1136,6666
1137,6846
1138,6861
1139,6900
1140,6707
1141,6973
1142,6892
1143,7122
1144,7036
1145,7062
1146,6984
1147,7004
1148,7084
1149,7007
1150,7241
1151,7082
1152,7078
1153,7121
1154,6996
1155,7021
1156,7266
1157,7135
1158,7053
1159,7078
1160,7141
1161,7090
1162,7037
1163,7027
1164,7138
1165,7144
1166,7132
1167,7334
1168,7024
1169,7174
1170,7209
1171,7219
1172,7190
1173,7335
1174,7257
1175,7323
1176,7284
1177,7320
1178,7373
1179,7271
1180,7270
1181,7302
1182,7298
1183,7231
1184,7184
1185,7254
1186,7203
1187,7149
1188,7429
1189,7379
1190,7175
1191,7355
1192,7308
1193,7366
1194,7484
1195,7238
1196,7264
1197,7281
1198,7517
1199,7482
1200,7300
1201,7361
1202,7383
1203,7404
1204,7473
1205,7366
1206,7294
1207,7440
1208,7500
1209,7341
1210,7439
1211,7431
1212,7231
1213,7372
1214,7379
1215,7516
1216,7435
1217,7519
1218,7437
1219,7228
1220,7385
1221,7358
1222,7433
1223,7547
1224,7528
1225,7298
1226,7391
1227,7565
1228,7361
1229,7611
1230,7519
1231,7372
1232,7457
1233,7582
1234,7435
1235,7437
1236,7424
1237,7340
1238,7521
1239,7562
1240,7578
1241,7627
1242,7423
1243,7541
1244,7457
1245,7496
1246,7414
1247,7531
1248,7593
1249,7544
1250,7559
1251,7601
1252,7471
1253,7583
1254,7456
1255,7511
1256,7498
1257,7453
1258,7612
1259,7421
1260,7452
1261,7496
1262,7579
1263,7399
1264,7470
1265,7468
1266,7538
1267,7603
1268,7684
1269,7571
1270,7603
1271,7407
1272,7538
1273,7434
1274,7569
1275,7408
1276,7446
1277,7470
1278,7498
1279,7316
1280,7459
1281,7376
1282,7544
1283,7525
1284,7224
1285,7341
1286,7660
1287,7545
1288,7436
1289,7270
1290,7347
1291,7414
1292,7570
1293,7356
1294,7454
1295,7277
1296,7488
1297,7291
1298,7382
1299,7392
1300,7370
1301,7286
1302,7215
1303,7415
1304,7396
1305,7346
1306,7195
1307,7354
1308,7337
1309,7443
1310,7356
1311,7257
1312,7406
1313,7079
1314,7374
1315,7384
1316,7270
1317,7139
1318,7265
1319,7070
1320,7154
1321,7427
1322,7238
1323,7213
1324,7311
1325,7318
1326,7186
1327,7224
1328,7267
1329,7285
1330,6937
1331,7166
1332,7064
1333,7278
1334,7217
1335,7065
1336,7303
1337,7060
1338,7308
1339,7115
1340,7096
1341,7020
1342,7068
1343,7110
1344,7059
1345,7168
1346,7074
1347,6944
1348,6937
1349,7007
1350,7047
1351,7057
1352,6991
1353,6967
1354,6953
1355,7161
1356,7004
1357,6960
1358,6958
1359,6850
1360,6792
1361,6888
1362,6978
1363,6840
1364,6903
1365,6865
1366,6977
1367,6954
1368,7011
1369,6835
1370,6822
1371,6805
1372,6898
1373,6672
1374,7096
1375,6761
1376,6824
1377,6663
1378,6805
1379,6980
1380,6828
1381,6694
1382,6661
1383,6535
1384,6662
1385,6683
1386,6647
1387,6730
1388,6592
1389,6509
1390,6581
1391,6622
1392,6304
1393,6642
1394,6487
1395,6486
1396,6534
1397,6500
1398,6418
1399,6456
1400,6611
1401,6522
1402,6437
1403,6476
1404,6499
1405,6393
1406,6380
1407,6406
1408,6274
1409,6479
1410,6332
1411,6336
1412,6396
1413,6488
1414,6309
1415,6072
1416,6360
1417,6291
1418,6422
1419,6205
1420,6255
1421,6228
1422,6137
1423,6284
1424,6189
1425,6329
1426,5962
1427,6182
1428,6084
1429,6184
1430,6088
1431,5990
1432,5857
1433,6045
1434,6059
1435,5963
1436,6092
1437,5998
1438,6067
1439,6149
1440,5849
1441,5864
1442,5865
1443,5807
1444,5953
1445,5790
1446,5882
1447,5790
1448,5747
1449,5756
1450,5795
1451,5823
1452,5803
1453,5758
1454,5713
1455,5712
1456,5641
1457,5652
1458,5680
1459,5688
1460,5577
1461,5467
1462,5707
1463,5697
1464,5646
1465,5528
1466,5493
1467,5640
1468,5365
1469,5440
1470,5517
1471,5479
1472,5473
1473,5576
1474,5308
1475,5497
1476,5341
1477,5300
1478,5381
1479,5312
1480,5308
1481,5193
1482,5225
1483,5163
1484,5232
1485,5328
1486,5308
1487,5194
1488,5085
1489,5173
1490,5187
1491,5122
1492,5090
1493,5120
1494,5295
1495,5140
1496,5101
1497,5112
1498,5211
1499,5012
1500,5089
1501,4993
1502,5288
1503,4957
1504,5003
1505,4863
1506,4896
1507,4916
1508,4825
1509,4950
1510,4844
1511,4579
1512,4729
1513,4791
1514,4885
1515,4910
1516,4785
1517,4786
1518,4748
1519,4545
1520,4785
1521,4778
1522,4718
1523,4656
1524,4743
1525,4562
1526,4531
1527,4591
1528,4546
1529,4490
1530,4607
1531,4512
1532,4575
1533,4527
1534,4473
1535,4332
1536,4603
1537,4430
1538,4416
1539,4443
1540,4339
1541,4316
1542,4332
1543,4182
1544,4332
1545,4389
1546,4311
1547,4187
1548,4359
1549,4124
1550,4381
1551,4247
1552,4079
1553,4130
1554,4227
1555,4252
1556,4089
1557,4121
1558,3945
1559,4058
1560,4149
1561,4038
1562,4118
1563,3976
1564,4002
1565,4059
1566,4161
1567,4100
1568,4092
1569,3971
1570,3892
1571,3763
1572,4006
1573,3593
1574,3881
1575,3741
1576,3732
1577,3826
1578,3836
1579,3991
1580,3989
1581,3870
1582,3766
1583,3703
1584,3778
1585,3751
1586,3552
1587,3703
1588,3712
1589,3494
1590,3678
1591,3591
1592,3501
1593,3608
1594,3632
1595,3703
1596,3590
1597,3830
1598,3633
1599,3578
1600,3708
1601,3398
1602,3390
1603,3626
1604,3711
1605,3531
1606,3491
1607,3285
1608,3508
1609,3418
1610,3531
1611,3577
1612,3577
1613,3505
1614,3469
1615,3523
1616,3326
1617,3040
1618,3257
1619,3575
1620,3182
1621,3309
1622,3426
1623,3215
1624,3063
1625,3248
1626,3326
1627,3276
1628,3076
1629,3131
1630,3243
1631,3027
1632,3355
1633,3229
1634,3173
1635,3154
1636,3094
1637,3110
1638,2922
1639,3229
1640,3150
1641,3015
1642,2825
1643,3004
1644,3043
1645,3095
1646,2963
1647,3056
1648,3026
1649,3063
1650,3015
1651,2930
1652,2951
1653,2812
1654,3070
1655,2795
1656,2844
1657,2819
1658,2746
1659,2847
1660,2797
1661,3001
1662,2887
1663,2771
1664,2944
1665,2736
1666,2871
1667,2866
1668,2609
1669,2802
1670,2914
1671,2785
1672,2691
1673,2856
1674,2655
1675,2644
1676,2694
1677,2730
1678,2927
1679,2781
1680,2766
1681,2778
1682,2810
1683,2582
1684,2652
1685,2692
1686,2638
1687,2739
1688,2659
1689,2707
1690,2688
1691,2717
1692,2610
1693,2578
1694,2456
1695,2870
1696,2661
1697,2566
1698,2521
1699,2487
1700,2667
1701,2625
1702,2573
1703,2582
1704,2594
1705,2792
1706,2573
1707,2515
1708,2616
1709,2671
1710,2768
1711,2429
1712,2615
1713,2672
1714,2530
1715,2480
1716,2574
1717,2529
1718,2553
1719,2440
1720,2459
1721,2576
1722,2604
1723,2523
1724,2548
1725,2527
1726,2323
1727,2430
1728,2473
1729,2706
1730,2416
1731,2657
1732,2584
1733,2512
1734,2452
1735,2356
1736,2530
1737,2395
1738,2345
1739,2505
1740,2582
1741,2450
1742,2542
1743,2519
1744,2726
1745,2619
1746,2383
1747,2488
1748,2471
1749,2431
1750,2516
1751,2548
1752,2814
1753,2533
1754,2402
1755,2463
1756,2585
1757,2388
1758,2485
1759,2582
1760,2490
1761,2573
1762,2435
1763,2476
1764,2350
1765,2530
1766,2617
1767,2541
1768,2629
1769,2460
1770,2521
1771,2614
1772,2356
1773,2541
1774,2394
1775,2636
1776,2555
1777,2505
1778,2473
1779,2522
1780,2608
1781,2797
1782,2406
1783,2594
1784,2565
1785,2785
1786,2638
1787,2471
1788,2646
1789,2470
1790,2663
1791,2403
1792,2544
1793,2593
1794,2702
1795,2469
1796,2640
1797,2621
1798,2741
1799,2481
1800,2602
1801,2568
1802,2550
1803,2624
1804,2604
1805,2655
1806,2660
1807,2625
1808,2640
1809,2706
1810,2874
1811,2639
1812,2826
1813,2644
1814,2784
1815,2793
1816,2598
1817,2630
1818,2645
1819,2671
1820,2715
1821,2514
1822,2830
1823,2734
1824,2600
1825,2858
1826,2721
1827,2637
1828,2933
1829,2948
1830,2820
1831,2676
1832,2825
1833,2825
1834,2689
1835,2964
1836,2815
1837,2937
1838,2891
1839,2963
1840,2843
1841,2782
1842,2980
1843,2744
1844,2816
1845,2915
1846,2865
1847,2932
1848,3035
1849,2821
1850,2951
1851,3000
1852,3093
1853,2944
1854,3042
1855,3085
1856,3142
1857,3141
1858,3050
1859,3190
1860,3198
1861,2998
1862,3123
1863,3182
1864,3108
1865,3262
1866,3162
1867,3002
1868,3229
1869,3211
1870,3275
1871,3123
1872,3265
1873,3120
1874,3176
1875,3211
1876,3288
1877,3045
1878,3065
1879,3400
1880,3265
1881,3208
1882,3301
1883,3385
1884,3316
1885,3367
1886,3244
1887,3552
1888,3458
1889,3234
1890,3514
1891,3393
1892,3303
1893,3265
1894,3403
1895,3516
1896,3581
1897,3619
1898,3626
1899,3574
1900,3523
1901,3480
1902,3483
1903,3643
1904,3410
1905,3495
1906,3636
1907,3514
1908,3771
1909,3683
1910,3618
1911,3459
1912,3754
1913,3677
1914,3904
1915,3729
1916,3788
1917,3660
1918,3834
1919,4031
1920,3655
1921,3814
1922,3729
1923,3893
1924,3825
1925,3902
1926,3831
1927,3837
1928,3783
1929,4139
1930,3976
1931,3837
1932,3931
1933,3978
1934,4003
1935,4082
1936,3925
1937,4089
1938,3915
1939,4104
1940,4146
1941,4061
1942,4235
1943,4006
1944,4159
1945,3994
1946,4127
1947,4245
1948,4326
1949,4099
1950,4255
1951,4230
1952,4414
1953,4217
1954,4286
1955,4164
1956,4548
1957,4389
1958,4344
1959,4284
1960,4399
1961,4529
1962,4453
1963,4385
1964,4501
1965,4624
1966,4374
1967,4572
1968,4511
1969,4398
1970,4514
1971,4420
1972,4355
1973,4615
1974,4639
1975,4646
1976,4652
1977,4626
1978,4612
1979,4768
1980,4839
1981,4793
1982,4935
1983,4833
1984,4743
1985,4759
1986,4781
1987,4641
1988,4850
1989,4779
1990,4857
1991,4852
1992,4784
1993,4899
1994,5066
1995,4965
1996,4908
1997,5009
1998,4955
1999,5009
2000,4959
2001,5214
2002,5177
2003,5195
2004,5156
2005,5210
2006,5444
2007,5216
2008,5370
2009,5539
2010,5674
2011,5592
2012,5811
2013,5855
2014,6107
2015,6047
2016,6168
2017,6242
2018,6423
2019,6501
2020,6375
2021,6513
2022,6456
2023,6613
2024,6715
2025,6678
2026,6889
2027,6906
2028,6952
2029,6882
2030,6917
2031,7073
2032,6953
2033,7052
2034,7194
2035,7183
2036,7265
2037,7177
2038,7218
2039,7451
2040,7412
2041,7349
2042,7377
2043,7538
2044,7485
2045,7562
2046,7611
2047,7497
2048,7361
2049,7569
2050,7458
2051,7336
2052,7398
2053,7526
2054,7338
2055,7533
2056,7543
2057,7402
2058,7440
2059,7314
2060,7410
2061,7441
2062,7213
2063,7384
2064,7457
2065,7441
2066,7251
2067,7255
2068,7073
2069,7037
2070,7140
2071,7042
2072,6787
2073,7015
2074,6784
2075,6835
2076,6794
2077,6664
2078,6528
2079,6673
2080,6443
2081,6617
2082,6346
2083,6257
2084,6199
2085,6119
2086,6011
2087,6216
2088,5948
2089,5726
2090,5735
2091,5907
2092,5591
2093,5813
2094,5467
2095,5371
2096,5418
2097,5238
2098,5157
2099,5248
2100,5124
2101,4887
2102,4951
2103,4905
2104,4689
2105,4770
2106,4695
2107,4480
2108,4436
2109,4412
2110,4428
2111,4228
2112,4019
2113,3908
2114,3984
2115,4026
2116,3916
2117,3726
2118,3823
2119,3773
2120,3729
2121,3503
2122,3285
2123,3346
2124,3299
2125,3404
2126,3105
2127,3260
2128,3094
2129,2935
2130,3086
2131,3123
2132,3046
2133,2997
2134,2754
2135,2843
2136,2619
2137,2695
2138,2770
2139,2590
2140,2643
2141,2536
2142,2611
2143,2557
2144,2545
2145,2524
2146,2492
2147,2406
2148,2624
2149,2469
2150,2471
2151,2519
2152,2616
2153,2578
2154,2586
2155,2454
2156,2542
2157,2651
2158,2608
2159,2645
2160,2574
2161,2554
2162,2497
2163,2808
2164,2874
2165,2724
2166,2721
2167,2833
2168,2848
2169,2838
2170,2944
2171,3016
2172,3129
2173,2994
2174,3134
2175,3267
2176,3143
2177,3317
2178,3387
2179,3388
2180,3464
2181,3558
2182,3583
2183,3423
2184,3751
2185,3892
2186,3887
2187,3909
2188,4151
2189,4142
2190,4215
2191,3980
2192,4254
2193,4410
2194,4568
2195,4426
2196,4601
2197,4792
2198,4839
2199,4781
2200,4967
2201,5083
2202,4922
2203,5256
2204,5398
2205,5358
2206,5487
2207,5588
2208,5681
2209,5675
2210,5604
2211,5853
2212,5792
2213,5962
2214,6170
2215,5975
2216,6147
2217,6348
2218,6234
2219,6451
2220,6366
2221,6298
2222,6684
2223,6641
2224,6676
2225,6532
2226,6830
2227,6860
2228,7052
2229,6980
2230,7052
2231,6841
2232,7094
2233,7249
2234,7122
2235,7089
2236,7166
2237,7187
2238,7273
2239,7656
2240,7577
2241,7290
2242,7385
2243,7292
2244,7528
2245,7354
2246,7617
2247,7571
2248,7632
2249,7466
2250,7577
2251,7489
2252,7330
2253,7477
2254,7466
2255,7462
2256,7494
2257,7477
2258,7385
2259,7392
2260,7454
2261,7452
2262,7485
2263,7112
2264,7192
2265,7249
2266,7323
2267,7102
2268,7073
2269,7272
2270,6984
2271,6902
2272,6925
2273,6862
2274,6871
2275,6757
2276,6679
2277,6663
2278,6693
2279,6555
2280,6543
2281,6502
2282,6415
2283,6277
2284,6233
2285,6279
2286,5983
2287,5961
2288,6222
2289,5910
2290,5864
2291,5703
2292,5543
2293,5650
2294,5509
2295,5490
2296,5299
2297,5374
2298,5154
2299,5023
2300,5185
2301,4977
2302,5082
2303,4890
2304,4724
2305,4539
2306,4501
2307,4768
2308,4456
2309,4371
2310,4333
2311,4264
2312,4294
2313,3998
2314,3930
2315,3951
2316,3789
2317,3956
2318,3592
2319,3754
2320,3404
2321,3514
2322,3445
2323,3507
2324,3284
2325,3425
2326,3067
2327,3101
2328,2987
2329,3055
2330,3078
2331,2840
2332,3116
2333,2948
2334,2878
2335,2690
2336,2759
2337,2693
2338,2595
2339,2853
2340,2530
2341,2494
2342,2446
2343,2620
2344,2594
2345,2541
2346,2586
2347,2546
2348,2581
2349,2595
2350,2371
2351,2720
2352,2442
2353,2603
2354,2587
2355,2306
2356,2500
2357,2515
2358,2460
2359,2616
2360,2434
2361,2571
2362,2527
2363,2923
2364,2590
2365,2874
2366,2896
2367,2990
2368,3034
2369,2961
2370,2924
2371,2806
2372,3060
2373,3259
2374,2992
2375,3167
2376,3293
2377,3333
2378,3220
2379,3394
2380,3291
2381,3457
2382,3774
2383,3657
2384,3889
2385,3882
2386,3950
2387,3907
2388,4127
2389,4044
2390,4146
2391,4145
2392,4431
2393,4383
2394,4610
2395,4492
2396,4767
2397,4675
2398,4644
2399,4879
2400,5052
2401,5111
2402,5002
2403,5365
2404,5365
2405,5209
2406,5428
2407,5534
2408,5462
2409,5689
2410,5792
2411,5770
2412,5885
2413,5994
2414,5912
2415,6191
2416,6265
2417,6278
2418,6214
2419,6453
2420,6225
2421,6476
2422,6621
2423,6498
2424,6859
2425,6835
2426,6849
2427,6965
2428,7112
2429,7086
2430,6899
2431,7215
2432,7085
2433,7068
2434,7131
2435,7258
2436,7105
2437,7290
2438,7409
2439,7358
2440,7353
2441,7369
2442,7397
2443,7508
2444,7629
2445,7467
2446,7371
2447,7488
2448,7531
2449,7592
2450,7536
2451,7645
2452,7621
2453,7506
2454,7421
2455,7296
2456,7285
2457,7326
2458,7536
2459,7412
2460,7280
2461,7470
2462,7378
2463,7154
2464,7443
2465,7115
2466,7134
2467,7016
2468,7197
2469,6940
2470,7064
2471,7007
2472,7017
2473,7055
2474,7049
2475,6688
2476,6825
2477,6492
2478,6768
2479,6681
2480,6348
2481,6428
2482,6216
2483,6198
2484,6248
2485,6301
2486,5985
2487,6043
2488,6046
2489,6066
2490,5944
2491,5793
2492,5748
2493,5566
2494,5441
2495,5342
2496,5406
2497,5317
2498,4954
2499,5133
2500,5272
2501,5099
2502,4897
2503,4760
2504,4960
2505,4660
2506,4687
2507,4415
2508,4350
2509,4292
2510,4332
2511,4213
2512,4050
2513,4152
2514,3828
2515,4026
2516,3910
2517,3740
2518,3768
2519,3629
2520,3500
2521,3589
2522,3362
2523,3530
2524,3250
2525,3389
2526,3236
2527,3064
2528,3100
2529,3243
2530,3069
2531,2988
2532,2783
2533,2945
2534,2804
2535,2752
2536,2735
2537,2674
2538,2823
2539,2603
2540,2645
2541,2533
2542,2791
2543,2684
2544,2636
2545,2691
2546,2366
2547,2563
2548,2619
2549,2460
2550,2522
2551,2489
2552,2696
2553,2434
2554,2676
2555,2346
2556,2540
2557,2381
2558,2497
2559,2564
2560,2780
2561,2736
2562,2543
2563,2547
2564,2549
2565,2713
2566,2738
2567,2896
2568,2979
2569,3030
2570,2975
2571,3108
2572,3049
2573,3109
2574,3084
2575,3198
2576,3350
2577,3240
2578,3382
2579,3463
2580,3435
2581,3463
2582,3583
2583,3606
2584,3777
2585,3744
2586,3730
2587,3973
2588,3958
2589,4143
2590,4062
2591,4258
2592,4449
2593,4476
2594,4501
2595,4437
2596,4611
2597,4603
2598,4855
2599,4890
2600,4886
2601,5013
2602,5184
2603,5192
2604,5340
2605,5404
2606,5443
2607,5499
2608,5475
2609,5688
2610,5729
2611,5603
2612,5825
2613,5901
2614,6008
2615,6109
2616,6261
2617,6217
2618,6582
2619,6340
2620,6376
2621,6585
2622,6478
2623,6470
2624,6614
2625,6946
2626,6797
2627,6917
2628,7047
2629,7000
2630,7049
2631,7036
2632,7117
2633,7062
2634,7265
2635,7197
2636,7365
2637,7334
2638,7278
2639,7304
2640,7502
2641,7439
2642,7229
2643,7228
2644,7562
2645,7470
2646,7609
2647,7555
2648,7405
2649,7385
2650,7380
2651,7388
2652,7373
2653,7323
2654,7433
2655,7463
2656,7564
2657,7340
2658,7379
2659,7370
2660,7428
2661,7323
2662,7434
2663,7316
2664,7314
2665,7230
2666,7206
2667,7168
2668,7239
2669,7020
2670,7115
2671,6878
2672,6967
2673,6826
2674,6876
2675,6747
2676,6718
2677,6451
2678,6625
2679,6638
2680,6507
2681,6397
2682,6513
2683,6456
2684,6087
2685,6083
2686,5984
2687,6113
2688,5822
2689,6038
2690,5817
2691,5846
2692,5792
2693,5712
2694,5497
2695,5330
2696,5147
2697,5199
2698,5317
2699,5111
2700,4882
2701,4814
2702,4687
2703,4843
2704,4757
2705,4512
2706,4406
2707,4567
2708,4467
2709,4320
2710,4171
2711,4270
2712,4093
2713,4192
2714,4090
2715,4070
2716,4072
2717,3603
2718,3619
2719,3777
2720,3615
2721,3327
2722,3429
2723,3324
2724,3331
2725,3161
2726,3221
2727,3009
2728,3162
2729,3158
2730,3005
2731,2865
2732,2628
2733,2866
2734,2738
2735,2843
2736,2701
2737,2533
2738,2740
2739,2679
2740,2594
2741,2566
2742,2604
2743,2726
2744,2793
2745,2681
2746,2319
2747,2460
2748,2479
2749,2511
2750,2665
2751,2455
2752,2358
2753,2445
2754,2504
2755,2461
2756,2406
2757,2499
2758,2395
2759,2405
2760,2540
2761,2575
2762,2516
2763,2730
2764,2706
2765,2735
2766,2741
2767,2735
2768,2989
2769,2838
2770,2791
2771,2944
2772,2955
2773,3208
2774,2963
2775,3206
2776,3237
2777,3462
2778,3317
2779,3576
2780,3530
2781,3499
2782,3735
2783,3697
2784,3785
2785,3899
2786,3820
2787,3798
2788,3993
2789,4022
2790,4068
2791,4205
2792,4513
2793,4284
2794,4375
2795,4481
2796,4641
2797,4684
2798,4841
2799,4895
2800,4946
2801,5258
2802,5262
2803,5037
2804,5201
2805,5411
2806,5254
2807,5599
2808,5573
2809,5620
2810,5750
2811,5839
2812,6121
2813,5826
2814,6154
2815,6083
2816,6188
2817,6270
2818,6400
2819,6428
2820,6560
2821,6574
2822,6677
2823,6608
2824,6643
2825,6791
2826,6901
2827,6836
2828,6932
2829,7118
2830,7090
2831,6980
2832,7087
2833,7216
2834,7050
2835,7231
2836,7343
2837,7134
2838,7165
2839,7422
2840,7402
2841,7109
2842,7335
2843,7381
2844,7381
2845,7714
2846,7475
2847,7464
2848,7574
2849,7497
2850,7355
2851,7510
2852,7489
2853,7704
2854,7445
2855,7555
2856,7521
2857,7445
2858,7498
2859,7489
2860,7386
2861,7389
2862,7295
2863,7401
2864,7234
2865,7266
2866,7108
2867,7051
2868,6981
2869,6994
2870,7143
2871,6792
2872,6764
2873,7070
2874,6903
2875,6747
2876,6600
2877,6807
2878,6465
2879,6262
2880,6327
2881,6468
2882,6359
2883,6334
2884,6233
2885,6349
2886,5887
2887,6046
2888,5888
2889,5787
2890,5825
2891,5757
2892,5626
2893,5598
2894,5596
2895,5254
2896,5390
2897,5363
2898,5091
2899,4951
2900,4904
2901,4937
2902,4883
2903,4675
2904,4574
2905,4685
2906,4422
2907,4465
2908,4363
2909,4228
2910,4178
2911,4079
2912,4036
2913,3916
2914,3909
2915,4019
2916,3863
2917,3652
2918,3552
2919,3579
2920,3604
2921,3372
2922,3209
2923,3324
2924,3127
2925,3288
2926,3064
2927,3232
2928,3252
2929,2839
2930,3043
2931,2759
2932,2883
2933,3016
2934,2945
2935,2706
2936,2830
2937,2581
2938,2433
2939,2754
2940,2642
2941,2741
2942,2555
2943,2632
2944,2444
2945,2520
2946,2554
2947,2780
2948,2433
2949,2609
2950,2403
2951,2458
2952,2268
2953,2582
2954,2329
2955,2505
2956,2525
2957,2688
2958,2638
2959,2709
2960,2575
2961,2623
2962,2780
2963,2678
2964,2739
2965,2652
2966,2762
2967,2796
2968,2983
2969,3119
2970,3077
2971,2980
2972,3152
2973,2945
2974,3107
2975,3223
2976,3340
2977,3294
2978,3573
2979,3510
2980,3582
2981,3690
2982,3606
2983,3587
2984,3680
2985,3865
2986,3825
2987,3962
2988,3834
2989,4057
2990,4280
2991,4410
2992,4388
2993,4434
2994,4481
2995,4718
2996,4685
2997,4849
2998,4848
2999,4886
3000,4942
3001,5018
3002,5063
3003,5368
3004,5494
3005,5758
3006,5581
3007,6086
3008,6152
3009,6169
3010,6344
3011,6480
3012,6715
3013,6833
3014,6904
3015,7076
3016,7061
3017,6999
3018,7239
3019,7077
3020,7305
3021,7397
3022,7463
3023,7451
3024,7562
3025,7524
3026,7461
3027,7462
3028,7567
3029,7415
3030,7622
3031,7233
3032,7196
3033,7321
3034,7124
3035,7122
3036,7123
3037,6907
3038,6876
3039,6684
3040,6667
3041,6312
3042,6334
3043,6154
3044,5925
3045,5683
3046,5704
3047,5657
3048,5472
3049,5422
3050,5126
3051,5117
3052,4847
3053,4558
3054,4373
3055,4454
3056,4251
3057,4118
3058,3763
3059,3751
3060,3740
3061,3471
3062,3406
3063,3337
3064,3193
3065,3054
3066,2989
3067,2845
3068,2760
3069,2533
3070,2640
3071,2653
3072,2608
3073,2619
3074,2400
3075,2552
3076,2517
3077,2639
3078,2665
3079,2473
3080,2734
3081,2539
3082,2796
3083,2618
3084,2627
3085,2843
3086,3022
3087,3081
3088,3128
3089,3423
3090,3406
3091,3396
3092,3666
3093,3942
3094,3976
3095,4072
3096,4144
3097,4313
3098,4568
3099,4879
3100,4689
3101,4850
3102,5130
3103,5120
3104,5412
3105,5688
3106,6010
3107,5788
3108,6019
3109,6147
3110,6405
3111,6649
3112,6659
3113,6702
3114,6933
3115,7024
3116,7002
3117,7247
3118,7245
3119,7322
3120,7207
3121,7364
3122,7435
3123,7418
3124,7401
3125,7566
3126,7669
3127,7592
3128,7449
3129,7575
3130,7343
3131,7446
3132,7282
3133,7256
3134,7029
3135,7084
3136,7079
3137,6785
3138,6860
3139,6695
3140,6469
3141,6515
3142,6260
3143,6113
3144,5962
3145,5986
3146,5851
3147,5758
3148,5430
3149,5297
3150,5237
3151,4925
3152,4736
3153,4712
3154,4561
3155,4542
3156,4154
3157,4136
3158,4000
3159,3949
3160,3691
3161,3508
3162,3555
3163,3303
3164,3094
3165,3153
3166,2787
3167,2839
3168,2678
3169,2708
3170,2706
3171,2542
3172,2536
3173,2730
3174,2562
3175,2441
3176,2437
3177,2492
3178,2659
3179,2546
3180,2574
3181,2569
3182,2698
3183,2592
3184,2911
3185,2896
3186,2960
3187,2986
3188,3276
3189,3415
3190,3345
3191,3588
3192,3655
3193,3737
3194,3998
3195,4166
3196,4282
3197,4133
3198,4587
3199,4666
3200,5002
3201,5042
3202,5180
3203,5348
3204,5346
3205,5610
3206,5726
3207,6067
3208,6188
3209,6142
3210,6296
3211,6492
3212,6750
3213,6611
3214,7035
3215,6853
3216,6992
3217,7198
3218,7056
3219,7102
3220,7436
3221,7501
3222,7548
3223,7204
3224,7536
3225,7369
3226,7498
3227,7308
3228,7362
3229,7567
3230,7371
3231,7476
3232,7228
3233,7039
3234,6953
3235,7210
3236,7100
3237,6861
3238,6829
3239,6620
3240,6435
3241,6534
3242,6128
3243,6098
3244,6005
3245,5903
3246,5574
3247,5779
3248,5425
3249,5236
3250,4944
3251,4786
3252,4805
3253,4640
3254,4556
3255,4242
3256,4058
3257,3953
3258,3907
3259,3648
3260,3531
3261,3381
3262,3421
3263,3187
3264,3110
3265,3059
3266,3266
3267,2821
3268,2886
3269,2884
3270,2554
3271,2632
3272,2602
3273,2639
3274,2497
3275,2678
3276,2388
3277,2507
3278,2440
3279,2612
3280,2686
3281,2585
3282,2714
3283,2729
3284,2757
3285,2995
3286,2970
3287,3312
3288,3341
3289,3217
3290,3508
3291,3450
3292,3810
3293,3686
3294,3955
3295,4219
3296,4219
3297,4403
3298,4572
3299,4904
3300,4872
3301,5037
3302,5080
3303,5412
3304,5622
3305,5768
3306,5976
3307,5971
3308,6074
3309,6305
3310,6675
3311,6509
3312,6689
3313,6756
3314,6978
3315,7061
3316,7001
3317,7221
3318,7234
3319,7333
3320,7354
3321,7251
3322,7593
3323,7452
3324,7378
3325,7193
3326,7406
3327,7312
3328,7519
3329,7466
3330,7424
3331,7236
3332,7327
3333,7377
3334,7082
3335,7156
3336,6885
3337,6893
3338,6818
3339,6484
3340,6757
3341,6498
3342,6258
3343,6355
3344,6095
3345,5898
3346,5720
3347,5609
3348,5207
3349,5174
3350,5196
3351,4801
3352,4721
3353,4697
3354,4380
3355,4336
3356,4251
3357,4217
3358,3822
3359,3923
3360,3652
3361,3490
3362,3221
3363,3189
3364,3147
3365,3037
3366,2802
3367,2832
3368,2875
3369,2655
3370,2609
3371,2632
3372,2704
3373,2449
3374,2378
3375,2347
3376,2474
3377,2462
3378,2744
3379,2289
3380,2658
3381,2633
3382,2825
3383,2854
3384,2800
3385,3184
3386,3116
3387,3188
3388,3196
3389,3139
3390,3394
3391,3355
3392,3832
3393,3812
3394,3886
3395,4086
3396,4158
3397,4231
3398,4406
3399,4658
3400,4823
3401,5083
3402,5213
3403,5542
3404,5513
3405,5476
3406,5749
3407,5936
3408,6188
3409,6092
3410,6324
3411,6417
3412,6730
3413,6869
3414,6997
3415,7003
3416,7085
3417,7105
3418,7235
3419,7189
3420,7337
3421,7317
3422,7607
3423,7698
3424,7460
3425,7457
3426,7507
3427,7568
3428,7569
3429,7353
3430,7329
3431,7216
3432,7298
3433,7135
3434,7133
3435,7056
3436,7200
3437,7005
3438,6682
3439,6701
3440,6643
3441,6377
3442,6255
3443,6096
3444,6117
3445,5900
3446,5765
3447,5674
3448,5337
3449,5255
3450,4837
3451,5063
3452,4846
3453,4724
3454,4457
3455,4425
3456,4049
3457,3942
3458,3806
3459,3605
3460,3575
3461,3550
3462,3330
3463,3392
3464,3205
3465,3053
3466,2943
3467,2769
3468,2966
3469,2666
3470,2615
3471,2625
3472,2648
3473,2514
3474,2390
3475,2599
3476,2599
3477,2528
3478,2487
3479,2571
3480,2550
3481,2728
3482,2686
3483,2764
3484,2873
3485,2894
3486,2912
3487,3220
3488,3172
3489,3618
3490,3429
3491,3729
3492,3739
3493,4006
3494,4051
3495,4082
3496,4216
3497,4395
3498,4746
3499,4861
3500,4943
3501,5057
3502,5042
3503,5528
3504,5438
3505,5692
3506,5887
3507,5904
3508,6047
3509,6217
3510,6358
3511,6560
3512,6746
3513,6661
3514,6716
3515,7039
3516,7008
3517,7251
3518,7268
3519,7157
3520,7491
3521,7399
3522,7305
3523,7496
3524,7549
3525,7635
3526,7571
3527,7441
3528,7431
3529,7207
3530,7384
3531,7297
3532,7397
3533,7145
3534,7064
3535,7047
3536,6877
3537,6800
3538,6763
3539,6690
3540,6660
3541,6362
3542,6299
3543,5878
3544,5828
3545,5818
3546,5778
3547,5651
3548,5437
3549,5119
3550,5157
3551,4765
3552,4844
3553,4598
3554,4331
3555,4422
3556,4166
3557,4218
3558,3701
3559,3779
3560,3627
3561,3548
3562,3300
3563,3267
3564,2963
3565,3031
3566,2801
3567,2788
3568,2713
3569,2620
3570,2566
3571,2683
3572,2535
3573,2557
3574,2592
3575,2517
3576,2505
3577,2542
3578,2542
3579,2408
3580,2736
3581,2695
3582,2893
3583,2850
3584,2684
3585,3027
3586,3086
3587,3179
3588,3098
3589,3251
3590,3586
3591,3599
3592,3688
3593,3823
3594,3830
3595,4296
3596,4415
3597,4424
3598,4875
3599,4726
3600,4755
3601,4888
3602,5091
3603,5217
3604,5502
3605,5718
3606,5974
3607,6027
3608,6141
3609,6315
3610,6516
3611,6502
3612,6804
3613,6855
3614,6737
3615,7039
3616,7023
3617,7163
3618,7129
3619,7355
3620,7621
3621,7531
3622,7466
3623,7595
3624,7521
3625,7556
3626,7428
3627,7455
3628,7474
3629,7483
3630,7439
3631,7288
3632,7404
3633,7362
3634,7267
3635,7139
3636,7049
3637,6905
3638,6661
3639,6693
3640,6421
3641,6510
3642,6427
3643,5947
3644,6004
3645,5709
3646,5766
3647,5487
3648,5165
3649,5119
3650,5110
3651,4882
3652,4806
3653,4655
3654,4410
3655,4481
3656,4068
3657,3945
3658,3727
3659,3751
3660,3544
3661,3495
3662,3093
3663,3237
3664,3187
3665,2983
3666,3018
3667,2781
3668,2512
3669,2660
3670,2607
3671,2539
3672,2746
3673,2513
3674,2293
3675,2524
3676,2495
3677,2713
3678,2482
3679,2695
3680,2628
3681,2692
3682,2856
3683,2808
3684,2907
3685,2964
3686,3064
3687,3272
3688,3148
3689,3254
3690,3402
3691,3905
3692,3744
3693,3891
3694,3874
3695,4274
3696,4291
3697,4450
3698,4626
3699,4813
3700,4944
3701,5163
3702,5145
3703,5410
3704,5543
3705,5914
3706,5912
3707,5980
3708,6199
3709,6227
3710,6517
3711,6639
3712,6768
3713,6735
3714,6861
3715,7065
3716,7067
3717,7128
3718,7098
3719,7416
3720,7396
3721,7389
3722,7564
3723,7529
3724,7453
3725,7340
3726,7602
3727,7610
3728,7479
3729,7546
3730,7412
3731,7370
3732,7292
3733,7162
3734,7122
3735,7113
3736,6775
3737,6809
3738,6903
3739,6669
3740,6672
3741,6203
3742,6099
3743,6100
3744,5963
3745,5948
3746,5796
3747,5443
3748,5414
3749,5289
3750,5123
3751,4888
3752,4852
3753,4494
3754,4477
3755,4470
3756,4038
3757,3912
3758,3862
3759,3698
3760,3566
3761,3409
3762,3356
3763,3107
3764,3085
3765,2998
3766,2797
3767,2750
3768,2852
3769,2940
3770,2614
3771,2668
3772,2595
3773,2363
3774,2551
3775,2471
3776,2618
3777,2437
3778,2683
3779,2701
3780,2738
3781,2622
3782,2836
3783,2808
3784,3001
3785,2928
3786,3193
3787,3166
3788,3388
3789,3206
3790,3442
3791,3584
3792,3762
3793,3815
3794,3990
3795,4395
3796,4372
3797,4516
3798,4562
3799,4846
3800,4816
3801,5043
3802,5213
3803,5376
3804,5573
3805,5714
3806,5843
3807,6020
3808,6019
3809,6399
3810,6486
3811,6524
3812,6768
3813,6986
3814,6767
3815,6989
3816,7110
3817,7285
3818,7213
3819,7445
3820,7458
3821,7390
3822,7370
3823,7465
3824,7457
3825,7547
3826,7447
3827,7417
3828,7625
3829,7604
3830,7576
3831,7375
3832,7288
3833,7207
3834,7007
3835,6945
3836,6895
3837,6919
3838,6695
3839,6659
3840,6500
3841,6317
3842,6323
3843,6198
3844,5946
3845,5726
3846,5647
3847,5417
3848,5083
3849,5050
3850,4776
3851,4958
3852,4618
3853,4451
3854,4183
3855,4211
3856,4074
3857,4100
3858,3795
3859,3709
3860,3347
3861,3502
3862,3225
3863,3221
3864,3100
3865,3081
3866,2877
3867,2859
3868,2570
3869,2732
3870,2553
3871,2808
3872,2618
3873,2511
3874,2440
3875,2388
3876,2387
3877,2522
3878,2584
3879,2399
3880,2494
3881,2774
3882,2955
3883,2711
3884,2949
3885,2923
3886,3007
3887,3228
3888,3245
3889,3491
3890,3373
3891,3808
3892,3810
3893,3847
3894,4156
3895,4190
3896,4262
3897,4426
3898,4853
3899,4801
3900,4857
3901,5173
3902,5091
3903,5426
3904,5454
3905,5510
3906,5953
3907,6080
3908,6209
3909,6291
3910,6375
3911,6575
3912,6860
3913,6898
3914,6909
3915,6938
3916,7026
3917,7331
3918,7201
3919,7382
3920,7346
3921,7353
3922,7359
3923,7659
3924,7466
3925,7363
3926,7360
3927,7434
3928,7450
3929,7429
3930,7365
3931,7433
3932,7316
3933,7150
3934,7199
3935,6965
3936,6934
3937,6824
3938,6727
3939,6447
3940,6675
3941,6242
3942,6378
3943,6004
3944,5755
3945,5744
3946,5530
3947,5379
3948,5232
3949,5179
3950,4922
3951,5208
3952,4703
3953,4691
3954,4284
3955,4064
3956,3951
3957,4092
3958,3950
3959,3398
3960,3641
3961,3545
3962,3358
3963,3176
3964,3185
3965,2947
3966,2906
3967,2870
3968,2871
3969,2679
3970,2799
3971,2731
3972,2712
3973,2480
3974,2399
3975,2518
3976,2585
3977,2398
3978,2531
3979,2453
3980,2696
3981,2579
3982,2538
3983,2635
3984,2782
3985,3036
3986,3072
3987,3287
3988,3257
3989,3494
3990,3467
3991,3607
3992,3752
3993,3961
3994,4175
3995,4190
3996,4467
3997,4580
3998,4902
3999,4845
4000,4845
4001,4949
4002,5164
4003,5580
4004,5950
4005,6305
4006,6260
4007,6674
4008,6695
4009,7148
4010,7191
4011,7386
4012,7450
4013,7611
4014,7479
4015,7502
4016,7411
4017,7239
4018,7224
4019,6941
4020,6781
4021,6440
4022,6352
4023,5904
4024,5538
4025,5128
4026,5033
4027,4652
4028,4260
4029,3984
4030,3838
4031,3495
4032,3337
4033,3090
4034,2673
4035,2683
4036,2746
4037,2490
4038,2488
4039,2463
4040,2723
4041,2701
4042,2790
4043,2991
4044,3152
4045,3299
4046,3512
4047,3926
4048,4228
4049,4346
4050,4800
4051,5036
4052,5474
4053,5725
4054,5845
4055,6204
4056,6375
4057,6906
4058,6882
4059,7182
4060,7147
4061,7416
4062,7291
4063,7653
4064,7517
4065,7729
4066,7098
4067,7360
4068,7196
4069,6851
4070,6689
4071,6613
4072,6061
4073,5877
4074,5660
4075,5284
4076,5021
4077,4674
4078,4300
4079,4112
4080,3905
4081,3331
4082,3072
4083,3113
4084,3006
4085,2801
4086,2563
4087,2493
4088,2518
4089,2495
4090,2642
4091,2701
4092,2581
4093,2907
4094,3173
4095,3492
4096,3459
4097,3754
4098,4150
4099,4478
4100,4775
4101,5239
4102,5157
4103,5637
4104,6038
4105,6337
4106,6334
4107,6778
4108,6843
4109,7084
4110,7205
4111,7311
4112,7543
4113,7531
4114,7631
4115,7515
4116,7296
4117,7237
4118,7112
4119,7017
4120,6573
4121,6488
4122,6028
4123,5824
4124,5607
4125,5347
4126,5198
4127,4603
4128,4369
4129,3992
4130,3772
4131,3451
4132,3408
4133,3129
4134,2866
4135,2742
4136,2754
4137,2581
4138,2427
4139,2442
4140,2464
4141,2639
4142,2641
4143,2955
4144,3032
4145,3380
4146,3762
4147,3857
4148,3944
4149,4537
4150,4819
4151,4967
4152,5325
4153,5778
4154,5819
4155,6399
4156,6549
4157,6737
4158,7007
4159,7255
4160,7180
4161,7343
4162,7301
4163,7480
4164,7500
4165,7376
4166,7488
4167,7193
4168,7162
4169,7041
4170,6521
4171,6564
4172,6243
4173,5730
4174,5502
4175,5254
4176,5041
4177,4670
4178,4358
4179,3979
4180,3901
4181,3385
4182,3423
4183,3001
4184,3050
4185,2778
4186,2563
4187,2517
4188,2573
4189,2487
4190,2367
4191,2598
4192,2807
4193,2914
4194,3140
4195,3202
4196,3601
4197,3761
4198,4074
4199,4467
4200,4763
4201,4989
4202,5443
4203,5698
4204,5893
4205,6338
4206,6348
4207,6761
4208,6941
4209,7212
4210,7502
4211,7518
4212,7429
4213,7389
4214,7397
4215,7359
4216,7315
4217,7449
4218,7214
4219,7050
4220,6787
4221,6359
4222,6228
4223,5966
4224,5482
4225,5275
4226,4927
4227,4396
4228,4283
4229,4039
4230,3750
4231,3587
4232,3117
4233,2933
4234,2694
4235,2627
4236,2545
4237,2694
4238,2435
4239,2664
4240,2655
4241,2637
4242,2635
4243,3037
4244,3109
4245,3185
4246,3611
4247,3870
4248,4074
4249,4311
4250,4695
4251,5258
4252,5456
4253,5705
4254,6075
4255,6266
4256,6484
4257,6713
4258,6941
4259,6972
4260,7288
4261,7475
4262,7642
4263,7715
4264,7487
4265,7368
4266,7314
4267,7308
4268,6906
4269,6778
4270,6659
4271,6399
4272,6157
4273,5804
4274,5390
4275,5253
4276,4948
4277,4606
4278,4398
4279,4106
4280,3821
4281,3471
4282,3220
4283,2935
4284,2796
4285,2763
4286,2475
4287,2560
4288,2485
4289,2540
4290,2625
4291,2478
4292,2759
4293,2913
4294,3127
4295,3463
4296,3674
4297,3793
4298,4173
4299,4403
4300,4764
4301,5176
4302,5450
4303,5605
4304,5791
4305,6364
4306,6543
4307,6999
4308,6784
4309,7173
4310,7170
4311,7375
4312,7554
4313,7573
4314,7638
4315,7419
4316,7346
4317,7291
4318,7197
4319,6950
4320,6843
4321,6296
4322,6144
4323,5946
4324,5673
4325,5340
4326,4838
4327,4469
4328,4315
4329,3981
4330,3714
4331,3371
4332,3389
4333,3036
4334,2883
4335,2586
4336,2525
4337,2596
4338,2510
4339,2701
4340,2524
4341,2559
4342,2680
4343,2900
4344,3066
4345,3323
4346,3482
4347,4080
4348,4185
4349,4358
4350,4679
4351,5154
4352,5493
4353,5697
4354,6227
4355,6355
4356,6596
4357,6847
4358,7130
4359,7076
4360,7311
4361,7462
4362,7607
4363,7394
4364,7594
4365,7182
4366,7349
4367,7152
4368,6945
4369,6894
4370,6544
4371,6442
4372,6280
4373,5986
4374,5589
4375,5224
4376,4866
4377,4657
4378,4149
4379,3981
4380,3811
4381,3489
4382,3226
4383,2940
4384,2744
4385,2871
4386,2531
4387,2589
4388,2491
4389,2424
4390,2779
4391,2543
4392,2805
4393,3030
4394,2990
4395,3487
4396,3434
4397,3870
4398,4105
4399,4593
4400,4694
4401,4907
4402,5392
4403,5907
4404,5906
4405,6114
4406,6631
4407,6843
4408,6926
4409,7056
4410,7368
4411,7358
4412,7447
4413,7572
4414,7511
4415,7359
4416,7187
4417,7239
4418,6924
4419,6841
4420,6687
4421,6482
4422,5913
4423,5748
4424,5433
4425,5249
4426,4745
4427,4475
4428,4362
4429,4001
4430,3630
4431,3460
4432,3162
4433,2944
4434,2861
4435,2745
4436,2691
4437,2405
4438,2357
4439,2462
4440,2612
4441,2829
4442,2752
4443,2990
4444,3228
4445,3432
4446,3768
4447,4057
4448,4371
4449,4481
4450,4763
4451,5033
4452,5805
4453,5784
4454,6165
4455,6145
4456,6487
4457,6846
4458,7038
4459,7251
4460,7286
4461,7548
4462,7313
4463,7589
4464,7491
4465,7384
4466,7234
4467,7384
4468,7091
4469,6758
4470,6563
4471,6107
4472,5904
4473,5795
4474,5384
4475,5329
4476,4861
4477,4720
4478,4234
4479,3834
4480,3677
4481,3355
4482,3122
4483,2941
4484,2802
4485,2698
4486,2453
4487,2468
4488,2548
4489,2706
4490,2555
4491,2773
4492,2930
4493,2917
4494,3081
4495,3451
4496,3734
4497,3908
4498,4230
4499,4553
4500,4755
4501,5157
4502,5430
4503,5550
4504,6037
4505,6322
4506,6676
4507,6844
4508,7066
4509,7157
4510,7374
4511,7419
4512,7567
4513,7395
4514,7492
4515,7450
4516,7548
4517,7341
4518,6984
4519,6914
4520,6597
4521,6257
4522,6082
4523,5629
4524,5503
4525,5041
4526,4875
4527,4475
4528,4259
4529,4032
4530,3733
4531,3390
4532,3201
4533,3023
4534,2735
4535,2785
4536,2331
4537,2577
4538,2441
4539,2538
4540,2639
4541,2491
4542,2710
4543,2995
4544,3284
4545,3504
4546,3586
4547,4013
4548,4290
4549,4567
4550,4918
4551,5117
4552,5443
4553,5669
4554,6011
4555,6275
4556,6555
4557,6838
4558,7218
4559,7152
4560,7308
4561,7484
4562,7560
4563,7467
4564,7557
4565,7410
4566,7190
4567,7276
4568,6811
4569,6742
4570,6646
4571,6150
4572,6097
4573,5895
4574,5408
4575,5011
4576,4709
4577,4509
4578,4263
4579,3944
4580,3601
4581,3297
4582,3240
4583,3074
4584,2702
4585,2716
4586,2582
4587,2373
4588,2506
4589,2533
4590,2700
4591,2531
4592,2791
4593,3004
4594,3248
4595,3472
4596,3746
4597,4046
4598,4260
4599,4533
4600,4998
4601,5340
4602,5504
4603,5886
4604,6229
4605,6252
4606,6714
4607,6953
4608,7109
4609,7356
4610,7387
4611,7537
4612,7433
4613,7456
4614,7439
4615,7271
4616,7224
4617,7383
4618,7048
4619,6650
4620,6561
4621,6456
4622,5930
4623,5749
4624,5409
4625,5014
4626,4788
4627,4741
4628,4333
4629,3931
4630,3485
4631,3342
4632,3175
4633,2988
4634,2769
4635,2737
4636,2581
4637,2444
4638,2478
4639,2527
4640,2703
4641,2684
4642,2710
4643,2897
4644,3498
4645,3503
4646,3681
4647,3807
4648,4217
4649,4534
4650,4836
4651,5131
4652,5520
4653,5912
4654,6099
4655,6521
4656,6477
4657,7106
4658,6926
4659,7146
4660,7395
4661,7365
4662,7212
4663,7440
4664,7340
4665,7251
4666,7387
4667,7143
4668,7058
4669,6759
4670,6592
4671,6368
4672,6098
4673,5607
4674,5419
4675,4961
4676,4719
4677,4519
4678,3948
4679,3818
4680,3629
4681,3445
4682,3177
4683,2902
4684,2747
4685,2577
4686,2663
4687,2326
4688,2321
4689,2497
4690,2474
4691,2658
4692,3004
4693,2966
4694,3234
4695,3423
4696,3519
4697,4000
4698,4326
4699,4705
4700,4978
4701,5281
4702,5625
4703,5857
4704,6105
4705,6415
4706,6524
4707,6974
4708,6996
4709,7244
4710,7279
4711,7433
4712,7438
4713,7596
4714,7474
4715,7511
4716,7402
4717,7178
4718,7058
4719,6734
4720,6505
4721,6346
4722,5987
4723,5822
4724,5239
4725,4941
4726,4805
4727,4417
4728,4282
4729,3870
4730,3813
4731,3340
4732,3145
4733,3014
4734,2798
4735,2651
4736,2847
4737,2625
4738,2453
4739,2658
4740,2538
4741,2832
4742,2806
4743,2835
4744,3189
4745,3607
4746,3665
4747,3887
4748,4407
4749,4513
4750,4998
4751,5100
4752,5584
4753,5927
4754,6028
4755,6443
4756,6611
4757,6863
4758,7134
4759,7258
4760,7271
4761,7464
4762,7490
4763,7525
4764,7477
4765,7443
4766,7127
4767,7095
4768,7086
4769,6722
4770,6447
4771,6260
4772,5977
4773,5656
4774,5338
4775,4959
4776,4552
4777,4348
4778,4054
4779,3802
4780,3737
4781,3386
4782,3111
4783,2835
4784,2659
4785,2633
4786,2637
4787,2296
4788,2523
4789,2380
4790,2522
4791,2493
4792,2904
4793,3076
4794,3312
4795,3434
4796,3846
4797,3873
4798,4228
4799,4588
4800,4927
4801,5254
4802,5603
4803,5920
4804,6141
4805,6420
4806,6842
4807,6793
4808,7053
4809,7256
4810,7348
4811,7581
4812,7442
4813,7449
4814,7372
4815,7514
4816,7313
4817,7145
4818,7088
4819,6741
4820,6390
4821,6269
4822,5953
4823,5536
4824,5385
4825,5030
4826,4662
4827,4412
4828,4147
4829,3958
4830,3629
4831,3425
4832,3073
4833,2871
4834,2778
4835,2844
4836,2443
4837,2424
4838,2489
4839,2492
4840,2569
4841,2762
4842,2911
4843,3011
4844,3256
4845,3360
4846,3772
4847,4004
4848,4265
4849,4808
4850,5113
4851,5176
4852,5450
4853,5743
4854,6095
4855,6289
4856,6769
4857,7130
4858,7111
4859,7206
4860,7517
4861,7479
4862,7401
4863,7473
4864,7482
4865,7439
4866,7322
4867,7288
4868,6947
4869,6786
4870,6602
4871,6266
4872,5750
4873,5497
4874,5496
4875,5182
4876,4751
4877,4341
4878,3906
4879,3799
4880,3433
4881,3361
4882,2979
4883,2920
4884,2786
4885,2594
4886,2478
4887,2444
4888,2454
4889,2543
4890,2608
4891,2616
4892,2910
4893,2964
4894,3161
4895,3328
4896,3602
4897,3995
4898,4392
4899,4733
4900,4919
4901,5382
4902,5569
4903,6030
4904,6159
4905,6554
4906,6751
4907,6991
4908,7112
4909,7248
4910,7324
4911,7450
4912,7803
4913,7276
4914,7373
4915,7442
4916,7327
4917,7085
4918,7082
4919,6803
4920,6571
4921,6361
4922,5862
4923,5680
4924,5291
4925,5027
4926,4760
4927,4345
4928,4069
4929,3881
4930,3562
4931,3179
4932,3147
4933,2887
4934,2632
4935,2657
4936,2780
4937,2604
4938,2371
4939,2461
4940,2625
4941,2669
4942,2997
4943,3113
4944,3456
4945,3533
4946,3853
4947,4038
4948,4250
4949,4564
4950,4976
4951,5082
4952,5594
4953,5885
4954,6144
4955,6390
4956,6665
4957,6795
4958,7042
4959,7263
4960,7329
4961,7539
4962,7606
4963,7442
4964,7404
4965,7435
4966,7022
4967,7160
4968,6819
4969,6750
4970,6537
4971,6256
4972,5873
4973,5660
4974,5126
4975,5161
4976,4531
4977,4412
4978,3991
4979,3630
4980,3596
4981,3257
4982,2959
4983,2759
4984,2692
4985,2813
4986,2531
4987,2565
4988,2444
4989,2400
4990,2620
4991,2883
4992,2791
4993,3025
4994,3342
4995,3648
4996,3896
4997,3905
4998,4437
4999,4685
5000,5028
